============================================================
影视行业环境与观众沉浸体验研究 - 回归分析结果
============================================================

数据概况:
  - 原始样本量: 274
  - 有效样本量: 274
  - 自变量数量: 59

【模型1】长视频观看时长
                                          OLS Regression Results                                          
==========================================================================================================
Dep. Variable:     6. 您平均每天花费在长视频平台（如爱优腾芒、B站长内容、Netflix等）上的总时长约为：   R-squared:                       0.209
Model:                                                        OLS   Adj. R-squared:                 -0.010
Method:                                             Least Squares   F-statistic:                    0.9556
Date:                                            Sun, 01 Mar 2026   Prob (F-statistic):              0.571
Time:                                                    16:10:13   Log-Likelihood:                -412.30
No. Observations:                                             274   AIC:                             944.6
Df Residuals:                                                 214   BIC:                             1161.
Df Model:                                                      59                                         
Covariance Type:                                        nonrobust                                         
====================================================================================================================
                                                       coef    std err          t      P>|t|      [0.025      0.975]
--------------------------------------------------------------------------------------------------------------------
const                                                3.1751      0.716      4.435      0.000       1.764       4.586
1. 您的年龄段：                                            0.0147      0.067      0.220      0.826      -0.117       0.147
2. 您目前从事的行业/身份：                                     -0.0200      0.066     -0.301      0.764      -0.151       0.111
3. 您平均每月在影视内容（包括会员、点播等）上的消费金额约为：                     0.0206      0.074      0.279      0.781      -0.125       0.166
4. 您通常通过哪些设备观看影视内容？（可多选）(智能手机)                       0.0731      0.200      0.365      0.716      -0.322       0.468
4 (平板电脑)                                             0.0046      0.192      0.024      0.981      -0.375       0.384
4 (笔记本电脑)                                            0.1628      0.202      0.807      0.421      -0.235       0.560
4 (台式电脑)                                            -0.2796      0.174     -1.603      0.110      -0.623       0.064
4 (智能电视/投影仪)                                         0.0061      0.175      0.035      0.972      -0.339       0.352
4 (VR设备)                                             0.2081      0.206      1.009      0.314      -0.198       0.614
5. 您平均每天花费在短视频平台（如抖音、快手、视频号等）上的总时长约为：                0.0568      0.070      0.806      0.421      -0.082       0.196
11. 导致您无法沉浸观看长视频的主要外部干扰因素是？（）(手机应用的通知提醒)            -0.3304      0.195     -1.697      0.091      -0.714       0.053
11(工作/学习事务的插入)                                      -0.0848      0.177     -0.479      0.632      -0.434       0.264
11(家庭/社交环境的干扰)                                       0.2085      0.177      1.179      0.240      -0.140       0.557
11(其他娱乐内容的诱惑)                                       -0.0972      0.180     -0.541      0.589      -0.451       0.257
11(算法推荐的其他内容预览)                                      0.0492      0.178      0.277      0.782      -0.301       0.399
12. 导致您无法沉浸观看长视频的主要内容内部因素是？（）(剧情拖沓、节奏缓慢)             0.2900      0.198      1.466      0.144      -0.100       0.680
12(情节逻辑漏洞或槽点多)                                      -0.3111      0.185     -1.685      0.093      -0.675       0.053
12(演技或制作粗糙)                                          0.2958      0.176      1.685      0.093      -0.050       0.642
12(广告插入频繁)                                           0.2040      0.178      1.145      0.254      -0.147       0.555
12(题材或风格不感兴趣)                                       -0.0862      0.174     -0.496      0.620      -0.429       0.256
13. 在什么情况下，您最可能获得一次沉浸式的观看体验？（可多选）(深夜或独处时)           -0.0437      0.186     -0.235      0.814      -0.410       0.323
13(影院观影)                                            -0.0762      0.179     -0.424      0.672      -0.430       0.277
13(使用高质量视听设备时)                                       0.0334      0.178      0.188      0.851      -0.317       0.384
13(内容本身极其吸引人)                                       -0.2044      0.174     -1.173      0.242      -0.548       0.139
13(与志同道合者一起观看讨论)                                     0.2697      0.167      1.617      0.107      -0.059       0.599
14. 您是否听说过或关注“影视寒冬”这一说法？                             0.0531      0.087      0.610      0.543      -0.119       0.225
15. 您认为“影视寒冬”最直接的表现是什么？（）(新开机的大制作项目减少)               0.1239      0.200      0.619      0.537      -0.271       0.518
15(平台和片方更谨慎，不敢冒险)                                   -0.1464      0.186     -0.789      0.431      -0.512       0.220
15(演员、从业者工作机会变少)                                    -0.2239      0.187     -1.196      0.233      -0.593       0.145
15(同质化、保守的续集/IP剧增多)                                 -0.3631      0.172     -2.112      0.036      -0.702      -0.024
15(微短剧、小程序剧等“轻量”内容爆发)                               -0.2164      0.184     -1.174      0.242      -0.580       0.147
15(观众可选择的优质新作变少)                                     0.1861      0.221      0.843      0.400      -0.249       0.621
19(更新周期长，忘了或失去兴趣)                                   -0.0997      0.176     -0.566      0.572      -0.447       0.247
19(时间不允许，无法持续跟进)                                     0.1236      0.183      0.677      0.499      -0.236       0.484
19(被其他新内容吸引)                                        -0.1654      0.168     -0.982      0.327      -0.497       0.167
19(口碑崩塌或剧透影响)                                       -0.2112      0.168     -1.254      0.211      -0.543       0.121
20. 您认为“影视寒冬”对您的个人观看习惯产生了什么影响？（可多选）(转向观看更多短视频)      -0.0467      0.201     -0.232      0.817      -0.443       0.350
20(更依赖口碑和评分选择长视频)                                   -0.2848      0.178     -1.598      0.111      -0.636       0.066
20(降低了对新作的期待值)                                       0.0453      0.183      0.247      0.805      -0.316       0.407
20(更愿意重温经典老剧/电影)                                     0.0919      0.180      0.511      0.610      -0.262       0.446
20(开始观看更多海外内容)                                      -0.0095      0.169     -0.056      0.955      -0.343       0.324
21. 您认为“沉浸式体验”对于长视频的未来重要吗？                          -0.0133      0.086     -0.155      0.877      -0.183       0.157
22. 一个能让您沉浸的剧集/电影，最核心的吸引点是什么？（单选）                    0.0336      0.072      0.468      0.640      -0.108       0.175
23. 以下哪些技术或形式，最能提升您的沉浸感？（）(4K)                       0.0413      0.201      0.206      0.837      -0.354       0.437
23(HDR、杜比视界/全景声等高规格视听)                               0.3918      0.187      2.090      0.038       0.022       0.761
23(互动叙事（可选择分支影响剧情）)                                  0.2166      0.171      1.267      0.206      -0.120       0.554
23(VR/AR/XR等虚拟现实体验)                                  0.0443      0.173      0.255      0.799      -0.297       0.386
23(模拟影院效果的“云影院”或专属播放模式)                              0.0929      0.184      0.506      0.613      -0.269       0.455
23(伴随式的创作解说、细节彩蛋揭秘)                                 -0.1140      0.232     -0.491      0.624      -0.572       0.344
24. 您是否愿意为获得更好的沉浸体验而付费（如购买更高码流、解锁导演剪辑版、体验互动剧情等）？    -0.0124      0.107     -0.116      0.908      -0.224       0.199
25. 您认为“沉浸感”的营造，主要责任在于？                              0.0281      0.073      0.387      0.699      -0.115       0.171
26(单片付费的电影级网络电影)                                    -0.1441      0.243     -0.592      0.555      -0.624       0.336
26(系列化、季播的精品剧)                                      -0.2438      0.200     -1.220      0.224      -0.638       0.150
26(融合游戏化元素的互动影集)                                    -0.0057      0.184     -0.031      0.975      -0.369       0.358
26(基于VR/元宇宙的叙事体验)                                   -0.0014      0.198     -0.007      0.994      -0.392       0.389
27(优化算法，减少无关推荐干扰)                                   -0.2860      0.192     -1.490      0.138      -0.664       0.092
27(设立“精品剧场”或专题策划)                                    0.1048      0.169      0.621      0.536      -0.228       0.438
27(强化社交功能，如高质量的弹幕、小组讨论)                              0.2343      0.167      1.401      0.163      -0.095       0.564
27(提供更灵活的观看计划与提醒)                                   -0.1146      0.161     -0.713      0.476      -0.431       0.202
==============================================================================
Omnibus:                        8.261   Durbin-Watson:                   2.069
Prob(Omnibus):                  0.016   Jarque-Bera (JB):                7.267
Skew:                          -0.327   Prob(JB):                       0.0264
Kurtosis:                       2.544   Cond. No.                         85.0
==============================================================================

Notes:
[1] Standard Errors assume that the covariance matrix of the errors is correctly specified.

显著变量:
  15(同质化、保守的续集/IP剧增多): 系数=-0.3631, p=0.0358
  23(HDR、杜比视界/全景声等高规格视听): 系数=0.3918, p=0.0378

----------------------------------------

【模型2】多任务处理频率
                                         OLS Regression Results                                        
=======================================================================================================
Dep. Variable:     9. 您是否经常在观看视频的同时进行“多任务处理”（如回消息、刷社交软件、玩游戏等）？   R-squared:                       0.209
Model:                                                     OLS   Adj. R-squared:                 -0.010
Method:                                          Least Squares   F-statistic:                    0.9556
Date:                                         Sun, 01 Mar 2026   Prob (F-statistic):              0.571
Time:                                                 16:10:13   Log-Likelihood:                -412.30
No. Observations:                                          274   AIC:                             944.6
Df Residuals:                                              214   BIC:                             1161.
Df Model:                                                   59                                         
Covariance Type:                                     nonrobust                                         
====================================================================================================================
                                                       coef    std err          t      P>|t|      [0.025      0.975]
--------------------------------------------------------------------------------------------------------------------
const                                                2.8249      0.716      3.946      0.000       1.414       4.236
1. 您的年龄段：                                           -0.0147      0.067     -0.220      0.826      -0.147       0.117
2. 您目前从事的行业/身份：                                      0.0200      0.066      0.301      0.764      -0.111       0.151
3. 您平均每月在影视内容（包括会员、点播等）上的消费金额约为：                    -0.0206      0.074     -0.279      0.781      -0.166       0.125
4. 您通常通过哪些设备观看影视内容？（可多选）(智能手机)                      -0.0731      0.200     -0.365      0.716      -0.468       0.322
4 (平板电脑)                                            -0.0046      0.192     -0.024      0.981      -0.384       0.375
4 (笔记本电脑)                                           -0.1628      0.202     -0.807      0.421      -0.560       0.235
4 (台式电脑)                                             0.2796      0.174      1.603      0.110      -0.064       0.623
4 (智能电视/投影仪)                                        -0.0061      0.175     -0.035      0.972      -0.352       0.339
4 (VR设备)                                            -0.2081      0.206     -1.009      0.314      -0.614       0.198
5. 您平均每天花费在短视频平台（如抖音、快手、视频号等）上的总时长约为：               -0.0568      0.070     -0.806      0.421      -0.196       0.082
11. 导致您无法沉浸观看长视频的主要外部干扰因素是？（）(手机应用的通知提醒)             0.3304      0.195      1.697      0.091      -0.053       0.714
11(工作/学习事务的插入)                                       0.0848      0.177      0.479      0.632      -0.264       0.434
11(家庭/社交环境的干扰)                                      -0.2085      0.177     -1.179      0.240      -0.557       0.140
11(其他娱乐内容的诱惑)                                        0.0972      0.180      0.541      0.589      -0.257       0.451
11(算法推荐的其他内容预览)                                     -0.0492      0.178     -0.277      0.782      -0.399       0.301
12. 导致您无法沉浸观看长视频的主要内容内部因素是？（）(剧情拖沓、节奏缓慢)            -0.2900      0.198     -1.466      0.144      -0.680       0.100
12(情节逻辑漏洞或槽点多)                                       0.3111      0.185      1.685      0.093      -0.053       0.675
12(演技或制作粗糙)                                         -0.2958      0.176     -1.685      0.093      -0.642       0.050
12(广告插入频繁)                                          -0.2040      0.178     -1.145      0.254      -0.555       0.147
12(题材或风格不感兴趣)                                        0.0862      0.174      0.496      0.620      -0.256       0.429
13. 在什么情况下，您最可能获得一次沉浸式的观看体验？（可多选）(深夜或独处时)            0.0437      0.186      0.235      0.814      -0.323       0.410
13(影院观影)                                             0.0762      0.179      0.424      0.672      -0.277       0.430
13(使用高质量视听设备时)                                      -0.0334      0.178     -0.188      0.851      -0.384       0.317
13(内容本身极其吸引人)                                        0.2044      0.174      1.173      0.242      -0.139       0.548
13(与志同道合者一起观看讨论)                                    -0.2697      0.167     -1.617      0.107      -0.599       0.059
14. 您是否听说过或关注“影视寒冬”这一说法？                            -0.0531      0.087     -0.610      0.543      -0.225       0.119
15. 您认为“影视寒冬”最直接的表现是什么？（）(新开机的大制作项目减少)              -0.1239      0.200     -0.619      0.537      -0.518       0.271
15(平台和片方更谨慎，不敢冒险)                                    0.1464      0.186      0.789      0.431      -0.220       0.512
15(演员、从业者工作机会变少)                                     0.2239      0.187      1.196      0.233      -0.145       0.593
15(同质化、保守的续集/IP剧增多)                                  0.3631      0.172      2.112      0.036       0.024       0.702
15(微短剧、小程序剧等“轻量”内容爆发)                                0.2164      0.184      1.174      0.242      -0.147       0.580
15(观众可选择的优质新作变少)                                    -0.1861      0.221     -0.843      0.400      -0.621       0.249
19(更新周期长，忘了或失去兴趣)                                    0.0997      0.176      0.566      0.572      -0.247       0.447
19(时间不允许，无法持续跟进)                                    -0.1236      0.183     -0.677      0.499      -0.484       0.236
19(被其他新内容吸引)                                         0.1654      0.168      0.982      0.327      -0.167       0.497
19(口碑崩塌或剧透影响)                                        0.2112      0.168      1.254      0.211      -0.121       0.543
20. 您认为“影视寒冬”对您的个人观看习惯产生了什么影响？（可多选）(转向观看更多短视频)       0.0467      0.201      0.232      0.817      -0.350       0.443
20(更依赖口碑和评分选择长视频)                                    0.2848      0.178      1.598      0.111      -0.066       0.636
20(降低了对新作的期待值)                                      -0.0453      0.183     -0.247      0.805      -0.407       0.316
20(更愿意重温经典老剧/电影)                                    -0.0919      0.180     -0.511      0.610      -0.446       0.262
20(开始观看更多海外内容)                                       0.0095      0.169      0.056      0.955      -0.324       0.343
21. 您认为“沉浸式体验”对于长视频的未来重要吗？                           0.0133      0.086      0.155      0.877      -0.157       0.183
22. 一个能让您沉浸的剧集/电影，最核心的吸引点是什么？（单选）                   -0.0336      0.072     -0.468      0.640      -0.175       0.108
23. 以下哪些技术或形式，最能提升您的沉浸感？（）(4K)                      -0.0413      0.201     -0.206      0.837      -0.437       0.354
23(HDR、杜比视界/全景声等高规格视听)                              -0.3918      0.187     -2.090      0.038      -0.761      -0.022
23(互动叙事（可选择分支影响剧情）)                                 -0.2166      0.171     -1.267      0.206      -0.554       0.120
23(VR/AR/XR等虚拟现实体验)                                 -0.0443      0.173     -0.255      0.799      -0.386       0.297
23(模拟影院效果的“云影院”或专属播放模式)                             -0.0929      0.184     -0.506      0.613      -0.455       0.269
23(伴随式的创作解说、细节彩蛋揭秘)                                  0.1140      0.232      0.491      0.624      -0.344       0.572
24. 您是否愿意为获得更好的沉浸体验而付费（如购买更高码流、解锁导演剪辑版、体验互动剧情等）？     0.0124      0.107      0.116      0.908      -0.199       0.224
25. 您认为“沉浸感”的营造，主要责任在于？                             -0.0281      0.073     -0.387      0.699      -0.171       0.115
26(单片付费的电影级网络电影)                                     0.1441      0.243      0.592      0.555      -0.336       0.624
26(系列化、季播的精品剧)                                       0.2438      0.200      1.220      0.224      -0.150       0.638
26(融合游戏化元素的互动影集)                                     0.0057      0.184      0.031      0.975      -0.358       0.369
26(基于VR/元宇宙的叙事体验)                                    0.0014      0.198      0.007      0.994      -0.389       0.392
27(优化算法，减少无关推荐干扰)                                    0.2860      0.192      1.490      0.138      -0.092       0.664
27(设立“精品剧场”或专题策划)                                   -0.1048      0.169     -0.621      0.536      -0.438       0.228
27(强化社交功能，如高质量的弹幕、小组讨论)                             -0.2343      0.167     -1.401      0.163      -0.564       0.095
27(提供更灵活的观看计划与提醒)                                    0.1146      0.161      0.713      0.476      -0.202       0.431
==============================================================================
Omnibus:                        8.261   Durbin-Watson:                   2.069
Prob(Omnibus):                  0.016   Jarque-Bera (JB):                7.267
Skew:                           0.327   Prob(JB):                       0.0264
Kurtosis:                       2.544   Cond. No.                         85.0
==============================================================================

Notes:
[1] Standard Errors assume that the covariance matrix of the errors is correctly specified.

显著变量:
  15(同质化、保守的续集/IP剧增多): 系数=0.3631, p=0.0358
  23(HDR、杜比视界/全景声等高规格视听): 系数=-0.3918, p=0.0378

----------------------------------------


VIF诊断结果:
                                        Variable       VIF
                                           const 92.396748
                                 2. 您目前从事的行业/身份：  1.949368
                                       1. 您的年龄段：  1.738511
                               26(基于VR/元宇宙的叙事体验)  1.692764
                                       4 (笔记本电脑)  1.617944
                                26(单片付费的电影级网络电影)  1.569329
                                  26(系列化、季播的精品剧)  1.559537
                           15(微短剧、小程序剧等“轻量”内容爆发)  1.510930
                                        4 (平板电脑)  1.496427
                         23(模拟影院效果的“云影院”或专属播放模式)  1.483889
                             23(伴随式的创作解说、细节彩蛋揭秘)  1.450433
                                26(融合游戏化元素的互动影集)  1.442603
                                   11(其他娱乐内容的诱惑)  1.433880
                                  20(降低了对新作的期待值)  1.431987
                                15(演员、从业者工作机会变少)  1.431597
        11. 导致您无法沉浸观看长视频的主要外部干扰因素是？（）(手机应用的通知提醒)  1.422314
                                 11(算法推荐的其他内容预览)  1.421804
                               27(优化算法，减少无关推荐干扰)  1.421648
                                        4 (VR设备)  1.415486
                                20(更愿意重温经典老剧/电影)  1.414921
                                  12(情节逻辑漏洞或槽点多)  1.411960
                          23(HDR、杜比视界/全景声等高规格视听)  1.405420
                  23. 以下哪些技术或形式，最能提升您的沉浸感？（）(4K)  1.403885
  20. 您认为“影视寒冬”对您的个人观看习惯产生了什么影响？（可多选）(转向观看更多短视频)  1.399459
                                19(时间不允许，无法持续跟进)  1.399383
                                      12(广告插入频繁)  1.393888
                                  13(使用高质量视听设备时)  1.392805
                                15(观众可选择的优质新作变少)  1.389753
                  4. 您通常通过哪些设备观看影视内容？（可多选）(智能手机)  1.378082
                                   12(题材或风格不感兴趣)  1.361296
        12. 导致您无法沉浸观看长视频的主要内容内部因素是？（）(剧情拖沓、节奏缓慢)  1.353342
       13. 在什么情况下，您最可能获得一次沉浸式的观看体验？（可多选）(深夜或独处时)  1.350862
                                  11(家庭/社交环境的干扰)  1.350324
24. 您是否愿意为获得更好的沉浸体验而付费（如购买更高码流、解锁导演剪辑版、体验互动剧情等）？  1.346113
                                  11(工作/学习事务的插入)  1.345919
                                     12(演技或制作粗糙)  1.345651
                                        4 (台式电脑)  1.335239
                               20(更依赖口碑和评分选择长视频)  1.331771
                        14. 您是否听说过或关注“影视寒冬”这一说法？  1.331332
                      21. 您认为“沉浸式体验”对于长视频的未来重要吗？  1.328370
                                    4 (智能电视/投影仪)  1.327374
                                   13(内容本身极其吸引人)  1.322419
                                        13(影院观影)  1.320363
                               15(平台和片方更谨慎，不敢冒险)  1.312366
          15. 您认为“影视寒冬”最直接的表现是什么？（）(新开机的大制作项目减少)  1.307121
               22. 一个能让您沉浸的剧集/电影，最核心的吸引点是什么？（单选）  1.303797
                         25. 您认为“沉浸感”的营造，主要责任在于？  1.300094
                             23(VR/AR/XR等虚拟现实体验)  1.293058
                3. 您平均每月在影视内容（包括会员、点播等）上的消费金额约为：  1.289876
                               19(更新周期长，忘了或失去兴趣)  1.283877
                                  20(开始观看更多海外内容)  1.282486
                                   19(口碑崩塌或剧透影响)  1.274869
                             15(同质化、保守的续集/IP剧增多)  1.268089
                                    19(被其他新内容吸引)  1.259018
                               27(设立“精品剧场”或专题策划)  1.259014
                                13(与志同道合者一起观看讨论)  1.249831
                         27(强化社交功能，如高质量的弹幕、小组讨论)  1.246032
                             23(互动叙事（可选择分支影响剧情）)  1.230730
           5. 您平均每天花费在短视频平台（如抖音、快手、视频号等）上的总时长约为：  1.201914
                               27(提供更灵活的观看计划与提醒)  1.162279